972549833000
972539640444
972534483824
972533031665
972532277107
972509323329
972502416153
972522254461
972559632307
972526259822
972546902232
972502800029
972502360559
972524449144
972525958595
972536657571
972544824508
972549671807
972527427075
972542263766
972522461857
972558828855
972559257231
972532235910
972544709328
972527990808
972545467188
972528109656
972527200200
972587291861
972502325633
972542370188
972547377507
972506616851
972545584798
972532452417
972544444023
972528093087
972524602242
972537286134
972505999745
972526692166
972506662960
972527807221
972547924062
972545381387
972548870000
972505237752
972542118050
972506981933
972546442224
972522382083
972539352256
972546373673
972525381112
972525660450
972522442662
972547144433
972524736353
972054588550
972548139355
972526581973
972558817850
972526566227
972504251124
972552481415
972505566694
972522200652
972522660232
972559541555
972528969159
972523105449
972509930017
972507770787
972545545044
